111111111111111111111111111111111111111111111111111111111111	
	100000000000000000000000000000000000000000000000000000000001


101100110000011111110000011111111000000001111100000011001101
		100000000000010000000000010000001000000010000010000000000001

100011000000010000000000011111111000000011111110000000110001

		100000000000010000000000010010000000000010000010000000000001

101100110000011111110000010001111000000010000010000011001101

		100000000000000000000000000000000000000000000000000000000001


100011000111111111111111100000001111111111111111111000110001
		100000000000000000000000000000000000000000000000000000000001


100000000000000000000000000000000000000000000000000000000001	
	100011000111111111111111100000001111111111111111111000110001


100000000000000000000000100000001000000000000000000000000001
		101100110000011111110000100010001000000100000001000011001101


100000000000000000110000100000001000000100000001000000000001
		100011000000000001100000100010001000000011101110000000110001

100000000000000110000000100000001000000000010000000000000001

		101100110000011111110000000000000000000000010000000011001101


100000000000000000000000000000000000000000000001000000000001
		111111111111111111111111111111111111111111111111111111111111